1 58
1 46
3 22
3 23
7 42
13 14
13 23
13 52
14 13
14 15
15 14
15 29
15 41
22 3
22 23
22 34
22 65
23 3
23 13
23 22
23 67
29 15
29 41
29 42
29 55
34 22
34 46
34 63
41 15
41 29
41 52
41 87
42 7
42 29
42 72
46 1
46 34
46 58
46 78
52 13
52 41
52 67
52 86
55 29
55 89
58 1
58 46
58 74
58 77
63 34
63 65
63 79
63 100
65 22
65 63
65 67
65 82
67 23
67 52
67 65
67 82
67 102
72 42
72 105
72 107
74 58
74 94
77 58
77 78
77 94
77 124
78 46
78 77
78 79
79 78
79 63
82 65
82 67
82 100
82 140
86 52
86 87
86 102
86 116
87 41
87 86
87 105
89 55
89 105
93 94
94 74
94 77
94 93
100 63
100 82
100 111
102 67
102 86
102 127
105 72
105 87
105 89
105 107
105 108
107 72
107 105
107 161
108 105
108 116
108 135
111 100
111 124
116 86
116 108
116 127
116 142
122 123
122 144
123 122
123 124
123 144
123 165
124 77
124 111
124 123
124 153
127 102
127 116
127 133
128 135
128 142
128 161
128 187
128 199
133 127
133 140
133 157
135 108
135 128
135 161
140 82
140 133
140 154
140 156
142 116
142 128
142 157
144 122
144 123
144 163
153 124
153 154
153 180
153 184
154 140
154 153
154 156
156 140
156 154
156 157
156 184
157 156
157 133
157 142
157 185
161 107
161 128
161 135
161 199
163 144
163 176
163 191
165 123
165 180
165 191
176 163
176 190
180 153
180 165
180 190
180 184
184 153
184 156
184 180
184 185
185 157
185 184
185 187
187 128
187 185
190 176
190 180
190 191
191 163
191 165
191 190
199 128
199 161
