1 8
1 9
2 10
2 20
3 4
3 11
3 12
4 3
4 13
5 15
5 16
6 7
6 29
7 6
7 17
8 1
8 18
8 19
9 1
9 19
9 20
10 2
10 11
10 21
10 34
11 3
11 10
11 22
12 3
12 23
13 4
13 23
13 24
14 15
14 25
15 5
15 14
15 16
15 26
15 28
16 5
16 15
16 28
16 29
17 7
17 29
17 30
18 8
18 31
18 43
19 8
19 9
19 32
20 2
20 9
20 33
21 10
21 33
22 11
22 23
22 34
22 35
23 12
23 13
23 22
23 37
24 13
24 37
24 38
25 14
25 38
25 39
26 15
26 27
26 39
27 26
27 28
27 40
28 15
28 16
28 27
28 41
29 6
29 16
29 17
29 41
29 42
30 17
30 42
31 18
31 43
31 44
32 19
32 33
32 44
32 45
33 20
33 21
33 32
33 46
34 10
34 22
34 47
34 48
35 22
35 36
35 48
35 65
36 35
36 37
36 49
37 23
37 24
37 36
37 50
38 24
38 25
38 50
38 51
39 25
39 26
39 51
39 52
40 27
40 41
40 52
40 53
41 28
41 29
41 40
41 54
42 29
42 30
42 56
42 72
43 18
43 31
43 57
44 31
44 32
44 58
45 32
45 46
45 58
45 59
45 60
46 33
46 45
46 47
46 61
47 34
47 46
47 62
48 34
48 35
48 62
48 63
49 36
49 50
49 66
50 37
50 38
50 49
51 38
51 39
51 52
51 67
51 68
52 39
52 40
52 51
52 69
53 40
53 54
53 69
54 41
54 53
54 55
54 70
55 54
55 71
56 42
56 91
57 43
57 58
57 73
58 44
58 45
58 57
58 59
58 74
58 75
59 45
59 58
59 75
59 76
60 45
60 61
60 76
61 46
61 60
61 62
61 76
61 78
62 47
62 48
62 61
62 79
63 48
63 64
63 79
63 80
64 63
64 65
64 81
65 35
65 64
65 66
65 82
66 49
66 65
66 67
66 82
67 51
67 66
67 68
67 84
68 51
68 67
68 69
68 85
69 52
69 53
69 68
69 86
70 54
70 71
70 87
71 55
71 70
71 72
71 89
72 42
72 71
72 90
72 91
73 57
73 74
73 92
74 58
74 73
74 75
74 92
75 58
75 59
75 74
75 94
76 59
76 60
76 61
76 77
77 76
77 78
77 95
77 96
78 61
78 77
78 79
78 97
79 62
79 63
79 78
79 98
80 63
80 99
80 100
81 64
81 82
81 100
82 65
82 66
82 81
82 101
83 101
83 102
84 67
84 85
85 68
85 84
85 103
86 69
86 103
86 104
87 70
87 88
88 87
88 89
88 117
89 71
89 88
89 105
90 72
90 91
90 105
91 56
91 72
91 90
91 105
91 107
92 73
92 74
92 93
93 92
93 94
94 75
94 93
94 95
95 77
95 94
95 122
96 77
96 97
96 109
97 78
97 96
97 98
97 109
98 79
98 97
98 99
98 110
99 80
99 98
99 110
100 80
100 81
100 101
100 112
100 113
101 82
101 83
101 100
101 114
102 83
102 103
102 115
103 85
103 86
103 102
104 86
104 116
105 89
105 90
105 91
105 106
105 108
106 105
106 107
107 91
107 106
107 119
108 105
108 117
108 119
109 96
109 97
109 110
109 124
110 98
110 99
110 109
110 111
111 110
111 112
111 124
112 100
112 111
112 125
113 100
113 114
113 125
114 101
114 113
114 115
114 126
114 131
114 132
115 102
115 114
115 126
115 127
116 104
116 117
116 118
116 127
117 88
117 108
117 116
117 129
118 116
118 129
118 134
118 142
119 107
119 108
119 136
120 121
120 144
121 120
121 122
121 145
122 95
122 121
122 123
122 146
123 122
123 124
123 137
123 148
123 149
124 109
124 111
124 123
124 130
124 138
125 112
125 113
125 131
126 114
126 115
126 127
126 140
127 115
127 116
127 126
127 133
127 134
128 142
128 143
128 160
128 172
128 188
129 117
129 118
129 135
129 142
129 143
130 124
130 131
130 139
131 114
131 125
131 130
132 114
132 140
133 127
133 140
133 141
134 118
134 127
134 141
134 142
135 129
135 136
135 143
135 161
136 119
136 135
136 162
137 123
137 147
138 124
138 150
138 152
139 130
139 140
139 153
139 154
140 126
140 132
140 133
140 139
140 154
140 156
141 133
141 134
141 142
141 158
142 118
142 128
142 129
142 134
142 141
142 143
142 158
143 128
143 129
143 135
143 142
143 160
144 120
144 145
144 177
145 121
145 144
145 146
146 122
146 145
146 147
146 163
147 137
147 146
147 164
148 123
148 149
148 164
149 123
149 148
149 150
149 165
150 138
150 149
150 151
151 150
151 152
151 165
151 166
152 138
152 151
152 153
153 139
153 152
153 154
153 166
153 167
154 139
154 140
154 153
154 155
155 154
155 156
155 167
155 168
156 140
156 155
156 157
156 169
157 156
157 158
157 170
158 141
158 142
158 157
158 159
159 158
159 170
159 172
159 186
160 128
160 143
160 161
160 173
161 135
161 160
161 174
162 136
162 175
163 146
163 177
164 147
164 148
164 178
164 179
165 149
165 151
165 179
165 180
166 151
166 153
166 181
166 183
167 153
167 155
167 168
167 183
168 155
168 167
168 184
169 156
169 184
170 157
170 159
170 185
171 173
171 175
171 199
172 128
172 159
172 187
173 160
173 171
173 174
173 188
174 161
174 173
174 175
175 162
175 174
175 171
176 177
176 189
177 144
177 163
177 176
178 164
178 189
178 191
179 164
179 165
179 191
180 165
180 181
180 193
181 166
181 180
181 182
181 193
182 181
182 183
182 195
183 166
183 167
183 182
183 196
184 168
184 169
184 185
184 196
184 197
185 170
185 184
185 186
186 185
186 159
186 198
187 172
187 188
187 198
188 128
188 173
188 187
188 199
189 176
189 178
189 190
190 189
190 191
190 192
191 178
191 179
191 190
191 192
192 190
192 191
192 194
193 180
193 181
193 194
194 192
194 193
194 195
195 182
195 194
195 197
196 183
196 184
196 197
197 184
197 195
197 196
198 186
198 187
198 199
199 171
199 188
199 198
